0.00149153
0.00298161
0.00446881
0.00595169
0.0074288
0.00889874
0.0103601
0.0118114
0.0132512
0.0146783
0.0160911
0.0174884
0.0188688
0.0202309
0.0215734
0.0228951
0.0241946
0.0254707
0.0267222
0.0279478
0.0291464
0.0303168
0.0314579
0.0325685
0.0336476
0.0346942
0.0357072
0.0366856
0.0376286
0.0385351
0.0394044
0.0402356
0.0410278
0.0417803
0.0424925
0.0431635
0.0437927
0.0443796
0.0449236
0.0454241
0.0458806
0.0462928
0.0466602
0.0469824
0.0472592
0.0474902
0.0476754
0.0478143
0.0479071
0.0479535
0.0479535
0.0479071
0.0478143
0.0476754
0.0474902
0.0472592
0.0469824
0.0466602
0.0462928
0.0458806
0.0454241
0.0449236
0.0443796
0.0437927
0.0431635
0.0424925
0.0417803
0.0410278
0.0402356
0.0394044
0.0385351
0.0376286
0.0366856
0.0357072
0.0346942
0.0336476
0.0325685
0.0314579
0.0303168
0.0291464
0.0279478
0.0267222
0.0254707
0.0241946
0.0228951
0.0215734
0.0202309
0.0188688
0.0174884
0.0160911
0.0146783
0.0132512
0.0118114
0.0103601
0.00889874
0.0074288
0.00595169
0.00446881
0.00298161
0.00149153
