0.00142326
0.00284515
0.00426428
0.00567929
0.0070888
0.00849146
0.0098859
0.0112708
0.0126448
0.0140065
0.0153547
0.016688
0.0180052
0.019305
0.0205861
0.0218473
0.0230873
0.024305
0.0254992
0.0266687
0.0278125
0.0289293
0.0300181
0.0310779
0.0321076
0.0331063
0.0340729
0.0350066
0.0359064
0.0367715
0.037601
0.0383941
0.03915
0.0398681
0.0405477
0.041188
0.0417884
0.0423485
0.0428675
0.0433451
0.0437808
0.0441741
0.0445246
0.0448321
0.0450962
0.0453167
0.0454933
0.045626
0.0457145
0.0457587
0.0457587
0.0457145
0.045626
0.0454933
0.0453167
0.0450962
0.0448321
0.0445246
0.0441741
0.0437808
0.0433451
0.0428675
0.0423485
0.0417884
0.041188
0.0405477
0.0398681
0.03915
0.0383941
0.037601
0.0367715
0.0359064
0.0350066
0.0340729
0.0331063
0.0321076
0.0310779
0.0300181
0.0289293
0.0278125
0.0266687
0.0254992
0.024305
0.0230873
0.0218473
0.0205861
0.019305
0.0180052
0.016688
0.0153547
0.0140065
0.0126448
0.0112708
0.0098859
0.00849146
0.0070888
0.00567929
0.00426428
0.00284515
0.00142326
